[gd_scene load_steps=8 format=2]

[ext_resource path="res://Screens/Path/RailGrind/RailGrind.gd" type="Script" id=1]
[ext_resource path="res://common/UI/ui_theme.tres" type="Theme" id=2]
[ext_resource path="res://common/Basic3D/Neutral.tres" type="Material" id=3]

[sub_resource type="Curve3D" id=1]
_data = {
"points": PoolVector3Array( 0, 0, 0, 0, 0, 0, 0, 0, -0.5, -3.03648, 0, -0.060582, 3.03648, 0, 0.060582, 7.27889, 0.742317, -2.26221, -7.55371, -0.813391, -3.42219, 7.55371, 0.813391, 3.42219, 26.5251, -2.85089, 1.31398, -5.66618, -1.13554, 1.75132, 5.66618, 1.13554, -1.75132, 41.7461, -0.510818, 1.9964, 0, 0, 0, 0, 0, 0, 56, 0, 0.7 ),
"tilts": PoolRealArray( 0, 0, 0, 0, 0 )
}

[sub_resource type="CubeMesh" id=2]
size = Vector3( 0.4, 1, 0.4 )

[sub_resource type="PrismMesh" id=3]
size = Vector3( 0.5, 0.5, 0.5 )

[sub_resource type="CapsuleShape" id=4]
radius = 0.35
height = 0.5

[node name="RailGrind" type="Spatial"]
script = ExtResource( 1 )

[node name="DirectionalLight" type="DirectionalLight" parent="."]
transform = Transform( 0.707107, 0.5, 0.5, 0, -0.707107, 0.707107, 0.707107, -0.5, -0.5, 0, 0, 0 )
shadow_enabled = true
shadow_bias = 0.05
directional_shadow_blend_splits = true
directional_shadow_normal_bias = 0.2
directional_shadow_max_distance = 50.0

[node name="Path" type="Path" parent="." groups=[
"Draw",
]]
curve = SubResource( 1 )

[node name="PathFollow" type="PathFollow" parent="Path"]
transform = Transform( -0.383884, -0.14283, 0.912257, 0, 0.987964, 0.15468, -0.923379, 0.05938, -0.37926, 0, 0, -0.5 )
rotation_mode = 4
loop = false

[node name="PlayerGroup" type="Spatial" parent="Path/PathFollow"]
transform = Transform( 1, -3.72529e-09, 0, -3.72529e-09, 1, 9.31323e-09, 0, 1.86265e-09, 1, 0, 0, 0 )

[node name="Player" type="Area" parent="Path/PathFollow/PlayerGroup"]
transform = Transform( 0.999997, 0, 0, 0, 1, 0, 0, 0, 0.999989, 0, 0, 0 )
collision_layer = 2

[node name="Model" type="Spatial" parent="Path/PathFollow/PlayerGroup/Player"]

[node name="TempBody" type="MeshInstance" parent="Path/PathFollow/PlayerGroup/Player/Model"]
transform = Transform( 1, 0, 0, 0, 1, 0, 0, 0, 1, 0, 0.499812, 0 )
mesh = SubResource( 2 )
material/0 = ExtResource( 3 )

[node name="TempHead" type="MeshInstance" parent="Path/PathFollow/PlayerGroup/Player/Model"]
transform = Transform( 1.91069e-15, 4.37114e-08, 1, 1, -4.37114e-08, 0, 4.37114e-08, 1, -4.37114e-08, 0, 1, 0.25 )
mesh = SubResource( 3 )
material/0 = ExtResource( 3 )

[node name="CollisionShape" type="CollisionShape" parent="Path/PathFollow/PlayerGroup/Player" groups=[
"Collider",
"Draw",
]]
transform = Transform( 1, 0, 0, 0, -4.37114e-08, -1, 0, 1, -4.37114e-08, 0, 0.6, 0 )
shape = SubResource( 4 )

[node name="Camera" type="Camera" parent="Path/PathFollow/PlayerGroup"]
transform = Transform( -1, -5.16436e-08, 1.4189e-07, 0, 0.939693, 0.34202, -1.50996e-07, 0.34202, -0.939693, -2.73564e-08, 2.27615, -2.01883 )

[node name="CSGPolygon" type="CSGPolygon" parent="Path"]
transform = Transform( 1, 0, 0, 0, 1, 0, 0, 0, 1, -0.01, -0.01, 0 )
polygon = PoolVector2Array( 0, 0, 0, 0.02, 0.02, 0.02, 0.02, 0 )
mode = 2
path_node = NodePath("..")
path_interval = 0.523
path_rotation = 1
path_local = false
path_continuous_u = false
path_joined = false

[node name="Obstacles" type="Spatial" parent="."]

[node name="LabelScore" type="Label" parent="."]
margin_left = 1920.0
margin_top = 160.0
margin_right = 1920.0
margin_bottom = 205.0
grow_horizontal = 0
theme = ExtResource( 2 )
__meta__ = {
"_edit_use_anchors_": false
}

[node name="Tween" type="Tween" parent="."]
