[gd_scene load_steps=12 format=3 uid="uid://bjwbq457xcdw3"]

[ext_resource type="PackedScene" uid="uid://bpomejsiqhomd" path="res://block.tscn" id="1_8kw8v"]
[ext_resource type="PackedScene" uid="uid://00jt0xqvj0bl" path="res://wyatt.tscn" id="2_5t4dn"]
[ext_resource type="Texture2D" uid="uid://ccl3p8t2nblcf" path="res://icon.svg" id="3_2hgoc"]
[ext_resource type="Script" path="res://Icon.gd" id="4_mvhps"]

[sub_resource type="ProceduralSkyMaterial" id="ProceduralSkyMaterial_37gtl"]
sky_top_color = Color(0.780392, 0.164706, 0.376471, 1)
sky_horizon_color = Color(0.768627, 0.598039, 0.75, 1)
ground_bottom_color = Color(0.294118, 0.227451, 0.623529, 1)
ground_horizon_color = Color(0.768627, 0.598039, 0.75, 1)

[sub_resource type="Sky" id="Sky_lx6xs"]
sky_material = SubResource("ProceduralSkyMaterial_37gtl")

[sub_resource type="Environment" id="Environment_6gote"]
background_mode = 2
sky = SubResource("Sky_lx6xs")
ambient_light_source = 2
ambient_light_color = Color(0, 0.705882, 0.494118, 1)
ambient_light_energy = 16.0
tonemap_mode = 2
glow_enabled = true

[sub_resource type="BoxMesh" id="BoxMesh_ifpsn"]
size = Vector3(10, 0.5, 10)

[sub_resource type="BoxShape3D" id="BoxShape3D_65kq8"]
size = Vector3(10, 0.5, 10)

[sub_resource type="CylinderShape3D" id="CylinderShape3D_lmvas"]

[sub_resource type="CylinderMesh" id="CylinderMesh_3p0de"]

[node name="Level1" type="Node3D"]

[node name="WorldEnvironment" type="WorldEnvironment" parent="."]
environment = SubResource("Environment_6gote")

[node name="Camera3D" type="Camera3D" parent="."]
transform = Transform3D(1, 0, 0, 0, 0.94803, 0.318182, 0, -0.318182, 0.94803, 0, 2.96126, 5.47619)

[node name="Floor" type="StaticBody3D" parent="."]
metadata/_edit_group_ = true

[node name="MeshInstance3D" type="MeshInstance3D" parent="Floor"]
mesh = SubResource("BoxMesh_ifpsn")

[node name="CollisionShape3D" type="CollisionShape3D" parent="Floor"]
shape = SubResource("BoxShape3D_65kq8")

[node name="DirectionalLight3D" type="DirectionalLight3D" parent="."]
transform = Transform3D(-0.00239114, 0.768281, -0.640108, 0, 0.64011, 0.768284, 0.999997, 0.00183707, -0.00153059, -4.59711, 6.44714, -3.25783)
shadow_enabled = true

[node name="Blocks" type="Node3D" parent="."]

[node name="Block1" parent="Blocks" instance=ExtResource("1_8kw8v")]
transform = Transform3D(0.5, 0.866025, 0, -0.866025, 0.5, 0, 0, 0, 1, 0, 3, 1)

[node name="Block2" parent="Blocks" instance=ExtResource("1_8kw8v")]
transform = Transform3D(0.5, 0.866025, 0, -0.866025, 0.5, 0, 0, 0, 1, 3.33963, 3, -0.263368)

[node name="Block3" parent="Blocks" instance=ExtResource("1_8kw8v")]
transform = Transform3D(0.0825647, 0.996586, 4.63761e-10, -0.993729, 0.0823281, -0.0756575, -0.0753992, 0.00624664, 0.997134, 0, 4.5671, 1.21122)

[node name="Block4" parent="Blocks" instance=ExtResource("1_8kw8v")]
transform = Transform3D(0.939208, 0.343348, 0, -0.343348, 0.939208, 0, 0, 0, 1, 3.33963, 4.72445, -0.221947)

[node name="Icon" type="Sprite3D" parent="."]
transform = Transform3D(1, 0, 0, 0, 1, 0, 0, 0, 1, 0, 1.49234, 2.71928)
texture = ExtResource("3_2hgoc")
script = ExtResource("4_mvhps")

[node name="StaticBody3D" type="StaticBody3D" parent="."]

[node name="CollisionShape3D" type="CollisionShape3D" parent="StaticBody3D"]
transform = Transform3D(1, 0, 0, 0, 1, 0, 0, 0, 1, 4.33253, 0, 0)
shape = SubResource("CylinderShape3D_lmvas")

[node name="Cylinder" type="MeshInstance3D" parent="StaticBody3D"]
transform = Transform3D(1, 0, 0, 0, 1, 0, 0, 0, 1, 4.33253, 0, 0)
mesh = SubResource("CylinderMesh_3p0de")
skeleton = NodePath("../..")

[node name="Wyatt" parent="." instance=ExtResource("2_5t4dn")]
transform = Transform3D(1, 0, 0, 0, 1, 0, 0, 0, 1, -2.76888, 1.1131, 1.67905)
SPEED = 1.0

[node name="Wyatt2" parent="." instance=ExtResource("2_5t4dn")]
transform = Transform3D(1.79, 0, 0, 0, 1.79, 0, 0, 0, 1.79, 3.57968, 1.49999, 3.29885)
SPEED = 25.0

[node name="Wyatt3" parent="." instance=ExtResource("2_5t4dn")]
transform = Transform3D(0.415, 0, 0, 0, 0.415, 0, 0, 0, 0.415, 2.04, 1.516, -2.58973)
SPEED = 100.0
