[gd_scene load_steps=6 format=2]

[ext_resource path="res://common/Enemy3D/SmartRobot/SmartRobot3D.tscn" type="PackedScene" id=1]
[ext_resource path="res://common/Player3D/Player3D.tscn" type="PackedScene" id=2]
[ext_resource path="res://common/Environment/LevelGridMap.tscn" type="PackedScene" id=3]
[ext_resource path="res://common/Basic3D/SafetyNet.gd" type="Script" id=6]

[sub_resource type="BoxShape" id=1]
extents = Vector3( 50, 1, 50 )

[node name="Boids3D" type="Spatial"]

[node name="LevelGridMap" parent="." instance=ExtResource( 3 )]
data = {
"cells": PoolIntArray( 3, 0, 1048614, 65532, 0, 1441830, -65536, 0, 1048588, -65535, 0, 1048588, -65534, 0, 1048588, -65533, 0, 1048588, -65532, 0, 13, -5, 0, 655373, -4, 0, 1048588, -3, 0, 1048588, -2, 0, 1048588, -1, 0, 1048588, 1, 1, 655381, 3, 1, 1048614, 65532, 1, 1441830, 65537, 1, 655385, -65536, 1, 1048588, -65535, 1, 1048588, -65534, 1, 1048588, -65533, 1, 1441798, -65532, 1, 13, -5, 1, 655373, -4, 1, 1048588, -3, 1, 1048588, -2, 1, 1048588, -1, 1, 1048588, 0, 2, 655360, 1, 2, 655385, 2, 2, 0, 3, 2, 1048614, 65532, 2, 1441830, 65533, 2, 1048581, 65534, 2, 0, -65536, 2, 655366, -65535, 2, 1048588, -65534, 2, 1048588, -65533, 2, 1048588, -65532, 2, 13, -5, 2, 655373, -4, 2, 6, -3, 2, 1048588, -2, 2, 1048588, -1, 2, 1048588, 0, 3, 38, 1, 3, 38, 2, 3, 38, 3, 3, 39, 65532, 3, 1441831, 65533, 3, 38, 65534, 3, 38, 65535, 3, 38, -65536, 3, 1048588, -65535, 3, 1048588, -65534, 3, 1048582, -65533, 3, 655366, -65532, 3, 13, -5, 3, 655377, -4, 3, 1441798, -3, 3, 655366, -2, 3, 1048588, -1, 3, 1048588, -65536, 4, 1441805, -65535, 4, 1441805, -65534, 4, 1441805, -65533, 4, 1441805, -65532, 4, 11, -5, 4, 1441799, -4, 4, 1441809, -3, 4, 1441805, -2, 4, 1441805, -1, 4, 1441805, -65536, 65531, 1048589, -65535, 65531, 1048589, -65534, 65531, 1048589, -65533, 65531, 1048589, -65532, 65531, 1048583, -5, 65531, 655367, -4, 65531, 1048589, -3, 65531, 1048589, -2, 65531, 1048589, -1, 65531, 1048589, 0, 65532, 655398, 1, 65532, 655398, 2, 65532, 655398, 3, 65532, 1048615, 65532, 65532, 655399, 65533, 65532, 655398, 65534, 65532, 655398, 65535, 65532, 655398, -65536, 65532, 1048588, -65535, 65532, 1048588, -65534, 65532, 1048588, -65533, 65532, 1048582, -65532, 65532, 17, -5, 65532, 655377, -4, 65532, 655366, -3, 65532, 1048588, -2, 65532, 1048588, -1, 65532, 1048588, 0, 65533, 1441792, 1, 65533, 1441796, 3, 65533, 1048614, 65532, 65533, 1441830, 65534, 65533, 655385, 65535, 65533, 655381, 131071, 65533, 655385, -65536, 65533, 1048588, -65535, 65533, 1048588, -65534, 65533, 6, -65533, 65533, 1048588, -65532, 65533, 13, -5, 65533, 655373, -4, 65533, 1048588, -3, 65533, 1048588, -2, 65533, 1048588, -1, 65533, 1441798, 3, 65534, 1048614, 65532, 65534, 1441830, 65534, 65534, 1441792, -65536, 65534, 1048588, -65535, 65534, 1048588, -65534, 65534, 1048588, -65533, 65534, 1048588, -65532, 65534, 13, -5, 65534, 655373, -4, 65534, 1048588, -3, 65534, 1048588, -2, 65534, 655366, -1, 65534, 6, 3, 65535, 1048614, 65532, 65535, 1441830, -65536, 65535, 1048588, -65535, 65535, 1048588, -65534, 65535, 1048588, -65533, 65535, 1048588, -65532, 65535, 13, -5, 65535, 655373, -4, 65535, 1048588, -3, 65535, 1048588, -2, 65535, 1048582, -1, 65535, 1048588 )
}

[node name="Player3D" parent="." instance=ExtResource( 2 )]
collision_mask = 5

[node name="DirectionalLight" type="DirectionalLight" parent="."]
transform = Transform( 0.707107, 0.5, 0.5, 0, -0.707107, 0.707107, 0.707107, -0.5, -0.5, 0, 10, 0 )
shadow_enabled = true
shadow_bias = 0.05
directional_shadow_blend_splits = true
directional_shadow_normal_bias = 0.2
directional_shadow_max_distance = 50.0

[node name="SafetyNet" type="Area" parent="."]
transform = Transform( 1, 0, 0, 0, 1, 0, 0, 0, 1, 0, -6.47564, 0 )
monitorable = false
collision_layer = 0
collision_mask = 2
script = ExtResource( 6 )

[node name="CollisionShape" type="CollisionShape" parent="SafetyNet"]
transform = Transform( 1, 0, 0, 0, 1, 0, 0, 0, 1, -0.0164833, 4.57253, 0 )
shape = SubResource( 1 )

[node name="Robots" type="Spatial" parent="."]

[node name="SmartRobot3D" parent="Robots" instance=ExtResource( 1 )]
transform = Transform( -0.866025, 0, 0.5, 0, 1, 0, -0.5, 0, -0.866025, -3, 0, 0 )

[node name="SmartRobot3D2" parent="Robots" instance=ExtResource( 1 )]
transform = Transform( -0.866025, 0, -0.5, 0, 1, 0, 0.5, 0, -0.866025, 2, 0, 0.99943 )

[node name="SmartRobot3D3" parent="Robots" instance=ExtResource( 1 )]
transform = Transform( -0.866025, 0, -0.5, 0, 1, 0, 0.5, 0, -0.866025, 1, 0, -5 )

[node name="SmartRobot3D4" parent="Robots" instance=ExtResource( 1 )]
transform = Transform( 0.5, 0, 0.866026, 0, 1, 0, -0.866026, 0, 0.5, -4.24033, 0, -2.83726 )

[node name="SmartRobot3D5" parent="Robots" instance=ExtResource( 1 )]
transform = Transform( 0.707107, 0, -0.707107, 0, 1, 0, 0.707107, 0, 0.707107, -4, 0, 4 )

[node name="SmartRobot3D6" parent="Robots" instance=ExtResource( 1 )]
transform = Transform( 0.866025, 0, 0.5, 0, 1, 0, -0.5, 0, 0.866025, 4.51084, 0, 5.98427 )

[node name="SmartRobot3D7" parent="Robots" instance=ExtResource( 1 )]
transform = Transform( -0.258819, 0, 0.965926, 0, 1, 0, -0.965926, 0, -0.258819, 5, 0, -1 )

[node name="SmartRobot3D8" parent="Robots" instance=ExtResource( 1 )]
transform = Transform( 0.258819, 0, 0.965926, 0, 1, 0, -0.965926, 0, 0.258819, -1, 0, 5 )

[node name="SmartRobot3D9" parent="Robots" instance=ExtResource( 1 )]
transform = Transform( 0.258819, 0, 0.965926, 0, 1, 0, -0.965926, 0, 0.258819, 3, 0, -4 )
